# Made in Blockbench 4.9.4
mtllib materials.mtl

o Body
v 0.25 1.5 0.125
v 0.25 1.5 -0.125
v 0.25 0.75 0.125
v 0.25 0.75 -0.125
v -0.25 1.5 -0.125
v -0.25 1.5 0.125
v -0.25 0.75 -0.125
v -0.25 0.75 0.125
vt 0.3125 0.375
vt 0.4375 0.375
vt 0.4375 0
vt 0.3125 0
vt 0.25 0.375
vt 0.3125 0.375
vt 0.3125 0
vt 0.25 0
vt 0.5 0.375
vt 0.625 0.375
vt 0.625 0
vt 0.5 0
vt 0.4375 0.375
vt 0.5 0.375
vt 0.5 0
vt 0.4375 0
vt 0.4375 0.375
vt 0.3125 0.375
vt 0.3125 0.5
vt 0.4375 0.5
vt 0.5625 0.5
vt 0.4375 0.5
vt 0.4375 0.375
vt 0.5625 0.375
vn 0 0 -1
vn 1 0 0
vn 0 0 1
vn -1 0 0
vn 0 1 0
vn 0 -1 0
usemtl m_cebd9868-f278-cf72-ea40-10240532c307
f 4/4/1 7/3/1 5/2/1 2/1/1
f 3/8/2 4/7/2 2/6/2 1/5/2
f 8/12/3 3/11/3 1/10/3 6/9/3
f 7/16/4 8/15/4 6/14/4 5/13/4
f 6/20/5 1/19/5 2/18/5 5/17/5
f 7/24/6 4/23/6 3/22/6 8/21/6
o Head
v 0.22282397297834688 1.9711288318672233 0.32153864596587844
v 0.26616312021316224 2.02339306350105 -0.17383007368513526
v 0.2273791009055287 1.4738678841830866 0.2694732955124215
v 0.27071824814034406 1.5261321158169134 -0.22589542413859237
v -0.23193422883271053 2.02339306350105 -0.21740794505896432
v -0.2752733760675259 1.9711288318672233 0.2779607745920494
v -0.2273791009055287 1.5261321158169134 -0.26947329551242144
v -0.27071824814034406 1.4738678841830866 0.22589542413859243
vt 0.125 0.75
vt 0.25 0.75
vt 0.25 0.5
vt 0.125 0.5
vt 0 0.75
vt 0.125 0.75
vt 0.125 0.5
vt 0 0.5
vt 0.375 0.75
vt 0.5 0.75
vt 0.5 0.5
vt 0.375 0.5
vt 0.25 0.75
vt 0.375 0.75
vt 0.375 0.5
vt 0.25 0.5
vt 0.25 0.75
vt 0.125 0.75
vt 0.125 1
vt 0.25 1
vt 0.375 1
vt 0.25 1
vt 0.25 0.75
vt 0.375 0.75
vn 0.08667829446963066 0.1045284632676535 -0.9907374393020277
vn 0.9961946980917457 1.7347234759768075e-18 0.08715574274765817
vn -0.08667829446963066 -0.1045284632676535 0.9907374393020277
vn -0.9961946980917457 -1.7347234759768075e-18 -0.08715574274765817
vn -0.00911025585436364 0.9945218953682734 0.10413070090691415
vn 0.00911025585436364 -0.9945218953682734 -0.10413070090691415
usemtl m_cebd9868-f278-cf72-ea40-10240532c307
f 12/28/7 15/27/7 13/26/7 10/25/7
f 11/32/8 12/31/8 10/30/8 9/29/8
f 16/36/9 11/35/9 9/34/9 14/33/9
f 15/40/10 16/39/10 14/38/10 13/37/10
f 14/44/11 9/43/11 10/42/11 13/41/11
f 15/48/12 12/47/12 11/46/12 16/45/12
o Hat Layer
v 0.2509616650960891 1.9989411266203678 0.3584768923082722
v 0.2997182057352563 2.057738387208423 -0.1988129172991182
v 0.2560861840141686 1.439522560475714 0.2999033730481331
v 0.30484272465333584 1.498319821063769 -0.25738643655925747
v -0.2606413119413505 2.057738387208423 -0.2478380225946759
v -0.3093978525805177 1.9989411266203678 0.3094517870127145
v -0.25551679302327096 1.498319821063769 -0.3064115418548152
v -0.3042733336624382 1.439522560475714 0.2508782677525754
vt 0.625 0.75
vt 0.75 0.75
vt 0.75 0.5
vt 0.625 0.5
vt 0.5 0.75
vt 0.625 0.75
vt 0.625 0.5
vt 0.5 0.5
vt 0.875 0.75
vt 1 0.75
vt 1 0.5
vt 0.875 0.5
vt 0.75 0.75
vt 0.875 0.75
vt 0.875 0.5
vt 0.75 0.5
vt 0.75 0.75
vt 0.625 0.75
vt 0.625 1
vt 0.75 1
vt 0.875 1
vt 0.75 1
vt 0.75 0.75
vt 0.875 0.75
vn 0.08667829446963066 0.1045284632676535 -0.9907374393020277
vn 0.9961946980917457 1.7347234759768075e-18 0.08715574274765817
vn -0.08667829446963066 -0.1045284632676535 0.9907374393020277
vn -0.9961946980917457 -1.7347234759768075e-18 -0.08715574274765817
vn -0.00911025585436364 0.9945218953682734 0.10413070090691415
vn 0.00911025585436364 -0.9945218953682734 -0.10413070090691415
usemtl m_cebd9868-f278-cf72-ea40-10240532c307
f 20/52/13 23/51/13 21/50/13 18/49/13
f 19/56/14 20/55/14 18/54/14 17/53/14
f 24/60/15 19/59/15 17/58/15 22/57/15
f 23/64/16 24/63/16 22/62/16 21/61/16
f 22/68/17 17/67/17 18/66/17 21/65/17
f 23/72/18 20/71/18 19/70/18 24/69/18
o RightArm
v 0.5 1.4763949469181596 0.1448069913348924
v 0.5 1.5198069913348924 -0.1013949469181597
v 0.5 0.7377891321590035 0.014570858084694605
v 0.5 0.7812011765757361 -0.23163108016835743
v 0.25 1.5198069913348924 -0.1013949469181597
v 0.25 1.4763949469181596 0.1448069913348924
v 0.25 0.7812011765757361 -0.23163108016835743
v 0.25 0.7377891321590035 0.014570858084694605
vt 0.6875 0.375
vt 0.75 0.375
vt 0.75 0
vt 0.6875 0
vt 0.625 0.375
vt 0.6875 0.375
vt 0.6875 0
vt 0.625 0
vt 0.8125 0.375
vt 0.875 0.375
vt 0.875 0
vt 0.8125 0
vt 0.75 0.375
vt 0.8125 0.375
vt 0.8125 0
vt 0.75 0
vt 0.75 0.375
vt 0.6875 0.375
vt 0.6875 0.5
vt 0.75 0.5
vt 0.8125 0.5
vt 0.75 0.5
vt 0.75 0.375
vt 0.8125 0.375
vn 0 0.17364817766693033 -0.984807753012208
vn 1 0 0
vn 0 -0.17364817766693033 0.984807753012208
vn -1 0 0
vn 0 0.984807753012208 0.17364817766693033
vn 0 -0.984807753012208 -0.17364817766693033
usemtl m_cebd9868-f278-cf72-ea40-10240532c307
f 28/76/19 31/75/19 29/74/19 26/73/19
f 27/80/20 28/79/20 26/78/20 25/77/20
f 32/84/21 27/83/21 25/82/21 30/81/21
f 31/88/22 32/87/22 30/86/22 29/85/22
f 30/92/23 25/91/23 26/90/23 29/89/23
f 31/96/24 28/95/24 27/94/24 32/93/24
o LeftArm
v -0.25 1.5232574114439457 0.09627948873950576
v -0.25 1.4712794887395058 -0.1482574114439456
v -0.25 0.7896467108935914 0.25221325685282525
v -0.25 0.7376687881891515 0.007676356669373829
v -0.5 1.4712794887395058 -0.1482574114439456
v -0.5 1.5232574114439457 0.09627948873950576
v -0.5 0.7376687881891515 0.007676356669373829
v -0.5 0.7896467108935914 0.25221325685282525
vt 0.75 0.375
vt 0.6875 0.375
vt 0.6875 0
vt 0.75 0
vt 0.8125 0.375
vt 0.75 0.375
vt 0.75 0
vt 0.8125 0
vt 0.875 0.375
vt 0.8125 0.375
vt 0.8125 0
vt 0.875 0
vt 0.6875 0.375
vt 0.625 0.375
vt 0.625 0
vt 0.6875 0
vt 0.6875 0.375
vt 0.75 0.375
vt 0.75 0.5
vt 0.6875 0.5
vt 0.75 0.5
vt 0.8125 0.5
vt 0.8125 0.375
vt 0.75 0.375
vn 0 -0.2079116908177593 -0.9781476007338057
vn 1 0 0
vn 0 0.2079116908177593 0.9781476007338057
vn -1 0 0
vn 0 0.9781476007338057 -0.2079116908177593
vn 0 -0.9781476007338057 0.2079116908177593
usemtl m_cebd9868-f278-cf72-ea40-10240532c307
f 36/100/25 39/99/25 37/98/25 34/97/25
f 35/104/26 36/103/26 34/102/26 33/101/26
f 40/108/27 35/107/27 33/106/27 38/105/27
f 39/112/28 40/111/28 38/110/28 37/109/28
f 38/116/29 33/115/29 34/114/29 37/113/29
f 39/120/30 36/119/30 35/118/30 40/117/30
o RightLeg
v 0.24284146113926808 0.7781990320493186 0.12270339793095797
v 0.24450624561550582 0.7305258421263066 -0.12270339793095797
v 0.2685351821281309 0.04242713003167875 0.2658101444633666
v 0.2701999666043686 -0.005246059891333199 0.020403348601450655
v -0.005341461139268033 0.7218009679506814 -0.12270339793095797
v -0.0070062456155058905 0.7694741578736934 0.12270339793095797
v 0.020352259849594767 -0.01397093406695843 0.020403348601450655
v 0.01868747537335691 0.033702255856053576 0.2658101444633666
vt 0.0625 0.375
vt 0.125 0.375
vt 0.125 0
vt 0.0625 0
vt 0 0.375
vt 0.0625 0.375
vt 0.0625 0
vt 0 0
vt 0.1875 0.375
vt 0.25 0.375
vt 0.25 0
vt 0.1875 0
vt 0.125 0.375
vt 0.1875 0.375
vt 0.1875 0
vt 0.125 0
vt 0.125 0.375
vt 0.0625 0.375
vt 0.0625 0.5
vt 0.125 0.5
vt 0.1875 0.5
vt 0.125 0.5
vt 0.125 0.375
vt 0.1875 0.375
vn 0.00665913790495125 -0.19069275969204796 -0.981627183447664
vn 0.9993908270190958 0.03489949670250097 -1.734723475976807e-18
vn -0.00665913790495125 0.19069275969204796 0.981627183447664
vn -0.9993908270190958 -0.03489949670250097 1.734723475976807e-18
vn -0.03425829465181707 0.9810292026901866 -0.19080899537654486
vn 0.03425829465181707 -0.9810292026901866 0.19080899537654486
usemtl m_cebd9868-f278-cf72-ea40-10240532c307
f 44/124/31 47/123/31 45/122/31 42/121/31
f 43/128/32 44/127/32 42/126/32 41/125/32
f 48/132/33 43/131/33 41/130/33 46/129/33
f 47/136/34 48/135/34 46/134/34 45/133/34
f 46/140/35 41/139/35 42/138/35 45/137/35
f 47/144/36 44/143/36 43/142/36 48/141/36
o LeftLeg
v 0.005416324126901628 0.7239447634260734 0.12310096912652602
v 0.006931382627872296 0.7673303623983014 -0.12310096912652602
v -0.020360647069733506 -0.014211112627192712 -0.007135164123671767
v -0.01884558856876295 0.02917448634503539 -0.2533371023767238
v -0.24291632412690167 0.7760552365739266 -0.12310096912652602
v -0.24443138262787223 0.7326696376016986 0.12310096912652602
v -0.26869329532353686 0.037899360520660674 -0.2533371023767238
v -0.2702083538245075 -0.005486238451567427 -0.007135164123671767
vt 0.125 0.375
vt 0.0625 0.375
vt 0.0625 0
vt 0.125 0
vt 0.1875 0.375
vt 0.125 0.375
vt 0.125 0
vt 0.1875 0
vt 0.25 0.375
vt 0.1875 0.375
vt 0.1875 0
vt 0.25 0
vt 0.0625 0.375
vt 0 0.375
vt 0 0
vt 0.0625 0
vt 0.0625 0.375
vt 0.125 0.375
vt 0.125 0.5
vt 0.0625 0.5
vt 0.125 0.5
vt 0.1875 0.5
vt 0.1875 0.375
vt 0.125 0.375
vn 0.006060234003882338 0.1735423958889124 -0.9848077530122081
vn 0.9993908270190958 -0.03489949670250097 -8.673617379884035e-19
vn -0.006060234003882338 -0.1735423958889124 0.9848077530122081
vn -0.9993908270190958 0.03489949670250097 8.673617379884035e-19
vn 0.03436929492884695 0.9842078347376881 0.1736481776669304
vn -0.03436929492884695 -0.9842078347376881 -0.1736481776669304
usemtl m_cebd9868-f278-cf72-ea40-10240532c307
f 52/148/37 55/147/37 53/146/37 50/145/37
f 51/152/38 52/151/38 50/150/38 49/149/38
f 56/156/39 51/155/39 49/154/39 54/153/39
f 55/160/40 56/159/40 54/158/40 53/157/40
f 54/164/41 49/163/41 50/162/41 53/161/41
f 55/168/42 52/167/42 51/166/42 56/165/42